x = [0.016290726817042606, 0.03634085213032581, 0.07518796992481203, 0.09147869674185463, 0.10776942355889724, 0.12406015037593984, 0.14035087719298245, 0.14912280701754385, 0.16290726817042606, 0.17167919799498746, 0.17794486215538846, 0.18922305764411027, 0.20050125313283207, 0.21177944862155387, 0.22180451127819548, 0.22807017543859648, 0.24310776942355888, 0.25187969924812026, 0.2593984962406015, 0.2681704260651629, 0.2807017543859649, 0.30451127819548873, 0.2969924812030075, 0.3157894736842105, 0.3258145363408521, 0.33458646616541354, 0.35463659147869675, 0.3634085213032581, 0.37969924812030076, 0.39598997493734334, 0.40100250626566414, 0.40100250626566414, 0.40852130325814534, 0.42105263157894735, 0.42105263157894735, 0.42606516290726815, 0.43358395989974935, 0.4473684210526315, 0.4473684210526315, 0.4598997493734336, 0.46365914786967416, 0.47744360902255634, 0.48120300751879697, 0.49248120300751874, 0.5012531328320802, 0.5112781954887218, 0.5213032581453634, 0.5300751879699248, 0.5413533834586466, 0.550125313283208, 0.5588972431077694, 0.5701754385964912, 0.581453634085213, 0.593984962406015, 0.6040100250626566, 0.6140350877192982]
y = [0, 0.12479201331114809, 0.04159733777038269, 0.20798668885191346, 0.33277870216306155, 0.4159733777038269, 0.6655574043261231, 0.8735440931780366, 1.0399334442595674, 1.1231281198003327, 1.4559068219633942, 1.5806988352745424, 1.8718801996672212, 2.2046589018302827, 2.5374376039933444, 2.703826955074875, 2.995008319467554, 3.119800332778702, 3.3277870216306153, 3.4109816971713807, 3.5773710482529117, 3.6189683860232944, 3.660565723793677, 3.7437603993344424, 3.7437603993344424, 3.7437603993344424, 3.535773710482529, 3.4109816971713807, 3.24459234608985, 3.0366056572379367, 2.9118136439267883, 2.9118136439267883, 2.703826955074875, 2.454242928452579, 2.454242928452579, 2.2462562396006653, 2.0798668885191347, 1.9550748752079865, 1.9550748752079865, 1.8718801996672212, 1.622296173044925, 1.4143094841930115, 1.1647254575707153, 1.08153078202995, 0.8319467554076538, 0.8319467554076538, 0.6239600665557404, 0.49916805324459235, 0.45757071547420963, 0.37437603993344426, 0.37437603993344426, 0.33277870216306155, 0.24958402662229617, 0.29118136439267883, 0.20798668885191346, 0.08319467554076539]