Mean:  0.3352808
Variance:  0.12655874985136

